0.02449917467520312
0.049035517020356204
0.10346925208875468
0.18669404503823273
0.21154286688388962
0.2393103829337977
0.27027887872273665
0.30474863863187057
0.3430455173511884
0.3855227100528044
0.4325315852824496
0.48448191790226636
0.541757748797577
0.6048035793628864
0.6740602827664072
0.7499787964542034
0.8330565202466454
0.9237818966668103
1.0226388416802135
1.1301551816652355
1.2468184008405179
1.3731667703254136
1.5096771893888088
1.65683575193404
1.8151235310932488
1.9849744134350225
2.166778332771099
2.360886131943551
2.5675887649815974
2.787136290723287
3.019660677369642
3.265235512499185
3.5238117131815625
3.795268326653141
4.079348408030274
4.375699629898267
4.683811122325964
5.003091225796439
5.332809059106134
5.672131939366927
6.020134697596286
6.375746377908196
6.737909241051765
7.105415823822258
7.477070576262029
7.851624825143015
8.227824722976596
8.604409593228045
8.980156749428293
9.353860206575826
9.724370879421388
10.09055599122631
10.451395934532101
10.805877806079996
11.153087219573244
11.492160334050478
11.822310141106119
12.142821006620666
12.453000255899731
12.752243808392768
13.040027491197892
13.315817075671935
13.57918540572366